1744649378442 0.004996776580810547 0
1744649380451 2.0136702060699463 0
1744649382456 4.018838405609131 0
1744649384465 6.027482986450195 0
1744649386474 8.037012577056885 0
1744649388483 10.045395135879517 0
1744649390492 12.053590297698975 0
1744649392500 14.062939882278442 0
1744649394507 16.070737600326538 0
1744649396514 18.077099800109863 0
1744649398521 20.084930896759033 0
1744649400529 22.092233180999756 0
1744649402533 24.096667528152466 0
1744649404541 26.10389757156372 0
1744649406554 28.115700244903564 0
1744649408565 30.127829551696777 0
1744649410580 32.14136600494385 0
1744649412597 34.1553635597229 0
1744649414610 36.170724630355835 0
1744649416621 38.18429470062256 0
1744649418635 40.19733119010925 0
1744649420648 42.20949840545654 0
1744649422657 44.21982550621033 0
1744649424668 46.23131728172302 0
1744649426679 48.24140787124634 0
1744649428690 50.25252652168274 0
1744649430700 52.26237654685974 0
1744649432714 54.27442002296448 0
1744649434725 56.28732466697693 0
1744649436731 58.293782234191895 0
1744649438739 60.30284595489502 0
1744649440747 62.310203552246094 0
1744649442754 64.31716918945312 0
1744649444764 66.32725024223328 0
1744649446772 68.33590173721313 0
1744649448782 70.3442931175232 0
1744649450792 72.355220079422 0
1744649452802 74.36445808410645 0
1744649454809 76.3719425201416 0
1744649456814 78.37772369384766 0
1744649458821 80.38345217704773 0
1744649460827 82.38939571380615 0
1744649462835 84.39787197113037 0
1744649464843 86.4055483341217 0
1744649466851 88.41479468345642 0
1744649468859 90.42237496376038 0
1744649470864 92.42682313919067 0
1744649472870 94.43294310569763 0
1744649474882 96.44344067573547 0
1744649476895 98.457932472229 0
1744649478904 100.46714949607849 0
1744649480911 102.47435426712036 0
1744649482917 104.48037958145142 0
1744649484924 106.48709297180176 0
1744649486935 108.49783706665039 0
1744649488944 110.50720167160034 0
1744649490955 112.51765489578247 0
1744649492962 114.52540111541748 0
1744649494970 116.53246212005615 0
1744649496976 118.53835225105286 0
1744649498983 120.54585385322571 0
1744649500993 122.55582976341248 0
1744649502999 124.56150603294373 0
1744649505007 126.56949758529663 0
1744649507021 128.5826952457428 0
1744649509031 130.59403467178345 0
1744649511039 132.60151839256287 0
1744649513048 134.61075711250305 0
1744649515057 136.61956024169922 0
1744649517064 138.6268184185028 0
1744649519072 140.634446144104 0
1744649521079 142.64239597320557 0
1744649523086 144.64879274368286 0
1744649525094 146.65683317184448 0
1744649527102 148.66411995887756 0
1744649529110 150.6731996536255 0
1744649531119 152.68142914772034 0
1744649533127 154.690114736557 0
1744649535134 156.696875333786 0
1744649537143 158.70570969581604 0
1744649539153 160.7159299850464 0
1744649541161 162.72424054145813 0
1744649543170 164.73274540901184 0
1744649545178 166.74128365516663 0
1744649547188 168.7503478527069 0
1744649549193 170.75638008117676 0
1744649551199 172.76278114318848 0
