1744649378438 83.0 0
1744649380447 48.0 0
1744649382454 5.0 0
1744649384462 5.0 0
1744649386470 21.0 0
1744649388479 22.0 0
1744649390488 99.0 0
1744649392496 84.0 0
1744649394504 91.0 0
1744649396511 36.0 0
1744649398518 49.0 0
1744649400525 72.0 0
1744649402532 26.0 0
1744649404536 2.0 0
1744649406548 38.0 0
1744649408559 74.0 0
1744649410573 69.0 0
1744649412588 70.0 0
1744649414604 94.0 0
1744649416616 9.0 0
1744649418629 41.0 0
1744649420643 99.0 0
1744649422653 16.0 0
1744649424663 61.0 0
1744649426674 83.0 0
1744649428685 71.0 0
1744649430696 6.0 0
1744649432705 91.0 0
1744649434722 74.0 0
1744649436728 31.0 0
1744649438736 62.0 0
1744649440744 77.0 0
1744649442751 11.0 0
1744649444759 40.0 0
1744649446769 86.0 0
1744649448777 38.0 0
1744649450788 53.0 0
1744649452798 36.0 0
1744649454806 93.0 0
1744649456813 34.0 0
1744649458817 57.0 0
1744649460824 98.0 0
1744649462831 67.0 0
1744649464840 3.0 0
1744649466848 76.0 0
1744649468857 95.0 0
1744649470862 89.0 0
1744649472867 82.0 0
1744649474875 16.0 0
1744649476891 54.0 0
1744649478900 78.0 0
1744649480909 58.0 0
1744649482914 73.0 0
1744649484921 66.0 0
1744649486928 38.0 0
1744649488939 93.0 0
1744649490951 68.0 0
1744649492960 65.0 0
1744649494966 16.0 0
1744649496974 68.0 0
1744649498980 86.0 0
1744649500989 68.0 0
1744649502996 4.0 0
1744649505002 68.0 0
1744649507013 83.0 0
1744649509028 94.0 0
1744649511035 16.0 0
1744649513043 8.0 0
1744649515054 86.0 0
1744649517061 2.0 0
1744649519069 6.0 0
1744649521076 79.0 0
1744649523082 72.0 0
1744649525091 31.0 0
1744649527098 19.0 0
1744649529106 97.0 0
1744649531115 83.0 0
1744649533123 27.0 0
1744649535131 0.0 0
1744649537139 48.0 0
1744649539149 35.0 0
1744649541158 47.0 0
1744649543167 61.0 0
1744649545174 24.0 0
1744649547183 31.0 0
1744649549190 7.0 0
1744649551196 56.0 0
