1744624191580 0.005443572998046875 0
1744624193589 2.0152511596679688 0
1744624195600 4.026214838027954 0
1744624197608 6.034316539764404 0
1744624199616 8.042591571807861 0
1744624201627 10.053550720214844 0
1744624203639 12.06518292427063 0
1744624205654 14.08057165145874 0
1744624207673 16.099703073501587 0
1744624209691 18.11532473564148 0
1744624211705 20.13161015510559 0
1744624213720 22.14495301246643 0
1744624215732 24.158384323120117 0
1744624217750 26.174896001815796 0
1744624219786 28.21017336845398 0
1744624221800 30.227500438690186 0
1744624223808 32.234235525131226 0
1744624225838 34.26366996765137 0
1744624227849 36.27539610862732 0
1744624229860 38.285804271698 0
1744624231869 40.295933961868286 0
1744624233877 42.303492069244385 0
1744624235885 44.31162166595459 0
1744624237893 46.318901777267456 0
1744624239901 48.326967000961304 0
1744624241909 50.335241079330444 0
1744624243923 52.349119901657104 0
1744624245932 54.35965847969055 0
1744624247942 56.36848044395447 0
1744624249952 58.37802243232727 0
1744624251958 60.384559631347656 0
1744624253967 62.39282774925232 0
1744624255976 64.40270113945007 0
1744624257990 66.41589736938477 0
1744624260003 68.42835736274719 0
1744624262015 70.44073367118835 0
1744624264028 72.45318627357483 0
1744624266045 74.4706015586853 0
1744624268053 76.48015761375427 0
1744624270059 78.48634672164917 0
1744624272068 80.4940242767334 0
1744624274080 82.50543856620789 0
1744624276094 84.51900625228882 0
1744624278107 86.5328540802002 0
1744624280118 88.54351282119751 0
1744624282126 90.55190396308899 0
1744624284136 92.56184697151184 0
1744624286149 94.57495260238647 0
1744624288162 96.58723044395447 0
1744624290179 98.60318660736084 0
1744624292195 100.6204879283905 0
1744624294209 102.63542056083679 0
1744624296225 104.65140414237976 0
1744624298236 106.6618812084198 0
1744624300249 108.67426300048828 0
1744624302265 110.69170713424683 0
1744624304280 112.70603847503662 0
1744624306298 114.72427725791931 0
1744624308351 116.77742004394531 0
1744624310369 118.79393458366394 0
1744624312441 120.86606645584106 0
1744624314468 122.89424347877502 0
1744624316548 124.9744131565094 0
1744624318566 126.99187803268433 0
1744624320654 129.0680422782898 0
1744624322761 131.18693375587463 0
1744624324913 133.3363926410675 0
1744624326941 135.3684220314026 0
1744624328955 137.37880110740662 0
1744624330982 139.40581893920898 0
1744624333053 141.4686849117279 0
1744624335079 143.5057017803192 0
1744624337099 145.52144384384155 0
1744624339191 147.61413097381592 0
1744624341206 149.63141417503357 0
1744624343227 151.6521806716919 0
1744624345275 153.70083594322205 0
1744624347288 155.71329426765442 0
1744624349302 157.72685360908508 0
1744624351314 159.7405083179474 0
1744624353362 161.78849911689758 0
1744624355379 163.804185628891 0
1744624357396 165.82189273834229 0
1744624359405 167.83155798912048 0
1744624361419 169.84381890296936 0
1744624363431 171.8570637702942 0
1744624365480 173.90387511253357 0
1744624367739 176.16430807113647 0
1744624369781 178.20623230934143 0
1744624371795 180.22086691856384 0
1744624373807 182.23379349708557 0
1744624375818 184.2441487312317 0
1744624377827 186.2538344860077 0
1744624379837 188.26322436332703 0
1744624381847 190.27306485176086 0
1744624383855 192.281081199646 0
1744624385865 194.28991770744324 0
1744624387874 196.3000020980835 0
1744624389882 198.30870008468628 0
1744624391893 200.3187747001648 0
1744624393902 202.3290662765503 0
1744624395911 204.3374626636505 0
1744624397919 206.34553170204163 0
1744624399932 208.358003616333 0
1744624401939 210.3666341304779 0
1744624403949 212.375150680542 0
1744624405958 214.38394117355347 0
1744624407964 216.3898482322693 0
1744624409973 218.39847087860107 0
1744624412021 220.44846963882446 0
1744624414030 222.45724153518677 0
1744624416039 224.46520495414734 0
1744624418049 226.47484874725342 0
1744624420061 228.486811876297 0
1744624422071 230.49603509902954 0
1744624424078 232.50405287742615 0
1744624426312 234.73716354370117 0
1744624428337 236.7630751132965 0
1744624430347 238.7721791267395 0
1744624432360 240.78293108940125 0
1744624434367 242.79334545135498 0
1744624436373 244.7992959022522 0
1744624438378 246.8049943447113 0
1744624440387 248.81361961364746 0
1744624442400 250.82643127441406 0
1744624444412 252.83810877799988 0
1744624446421 254.84752464294434 0
1744624448430 256.855833530426 0
1744624450436 258.8625280857086 0
1744624452447 260.8734767436981 0
1744624454455 262.8816695213318 0
1744624456462 264.8887221813202 0
1744624458470 266.89619421958923 0
1744624460481 268.9066948890686 0
1744624462511 270.9376654624939 0
1744624464519 272.94645166397095 0
1744624466527 274.9533338546753 0
1744624468535 276.9618716239929 0
1744624470542 278.9683315753937 0
1744624472549 280.9767074584961 0
1744624474557 282.98286390304565 0
1744624476569 284.9950821399689 0
1744624478578 287.00417971611023 0
1744624480587 289.0131211280823 0
1744624482596 291.02323174476624 0
1744624484607 293.03376150131226 0
1744624486617 295.04322123527527 0
1744624488634 297.05837082862854 0
1744624490648 299.0748665332794 0
1744624492655 301.08113384246826 0
1744624494664 303.0899701118469 0
1744624496674 305.0999927520752 0
1744624498682 307.10827112197876 0
1744624500692 309.1182744503021 0
1744624502702 311.12809920310974 0
1744624504710 313.1357524394989 0
1744624506717 315.144216299057 0
1744624508727 317.1530005931854 0
1744624510734 319.1599907875061 0
1744624512742 321.16848635673523 0
1744624514752 323.1791672706604 0
1744624516761 325.18763160705566 0
1744624518772 327.1984302997589 0
1744624520801 329.22748613357544 0
1744624522827 331.25190806388855 0
1744624524839 333.2647829055786 0
1744624526855 335.2811861038208 0
1744624528873 337.29911279678345 0
1744624530895 339.3209774494171 0
1744624532909 341.3341221809387 0
1744624534930 343.3547954559326 0
1744624536942 345.3677592277527 0
1744624538951 347.37691473960876 0
1744624540960 349.3863809108734 0
1744624542971 351.3974258899689 0
1744624544981 353.40732073783875 0
1744624546988 355.4146203994751 0
1744624548997 357.4219582080841 0
1744624551043 359.4654061794281 0
1744624553062 361.4873003959656 0
1744624555070 363.4966866970062 0
1744624557081 365.50733733177185 0
1744624559095 367.52093529701233 0
1744624561104 369.5306556224823 0
1744624563115 371.54093623161316 0
1744624565122 373.54949283599854 0
1744624567133 375.55958580970764 0
1744624569141 377.56752824783325 0
1744624571154 379.5796546936035 0
1744624573163 381.5896644592285 0
1744624575172 383.59820222854614 0
1744624577186 385.6120779514313 0
1744624579198 387.62497186660767 0
1744624581208 389.63374948501587 0
1744624583217 391.6432454586029 0
1744624585224 393.64994072914124 0
1744624587235 395.6603262424469 0
1744624589246 397.6721615791321 0
1744624591257 399.6831977367401 0
1744624593266 401.69288778305054 0
1744624595280 403.70625925064087 0
1744624597292 405.71849393844604 0
1744624599304 407.72940254211426 0
1744624601317 409.7432978153229 0
1744624603328 411.75466132164 0
1744624605338 413.7639994621277 0
1744624607346 415.771852016449 0
1744624609356 417.7825622558594 0
