1744624191575 89.0 0
1744624193585 91.0 0
1744624195595 27.0 0
1744624197605 4.0 0
1744624199612 85.0 0
1744624201622 57.0 0
1744624203633 70.0 0
1744624205649 20.0 0
1744624207668 89.0 0
1744624209684 67.0 0
1744624211700 40.0 0
1744624213715 58.0 0
1744624215726 55.0 0
1744624217739 59.0 0
1744624219765 23.0 0
1744624221797 86.0 0
1744624223804 40.0 0
1744624225815 39.0 0
1744624227846 42.0 0
1744624229855 59.0 0
1744624231865 88.0 0
1744624233874 24.0 0
1744624235882 17.0 0
1744624237889 10.0 0
1744624239898 5.0 0
1744624241903 19.0 0
1744624243918 6.0 0
1744624245929 12.0 0
1744624247938 11.0 0
1744624249948 36.0 0
1744624251956 53.0 0
1744624253963 69.0 0
1744624255971 8.0 0
1744624257983 44.0 0
1744624259997 14.0 0
1744624262008 25.0 0
1744624264022 83.0 0
1744624266037 40.0 0
1744624268051 26.0 0
1744624270057 96.0 0
1744624272064 45.0 0
1744624274073 95.0 0
1744624276087 65.0 0
1744624278102 30.0 0
1744624280113 49.0 0
1744624282123 66.0 0
1744624284130 24.0 0
1744624286142 19.0 0
1744624288154 23.0 0
1744624290170 12.0 0
1744624292190 79.0 0
1744624294204 100.0 0
1744624296220 69.0 0
1744624298231 23.0 0
1744624300242 22.0 0
1744624302259 77.0 0
1744624304275 93.0 0
1744624306290 91.0 0
1744624308345 74.0 0
1744624310358 46.0 0
1744624312377 10.0 0
1744624314461 48.0 0
1744624316543 60.0 0
1744624318559 31.0 0
1744624320577 53.0 0
1744624322755 65.0 0
1744624324892 45.0 0
1744624326937 24.0 0
1744624328949 58.0 0
1744624330969 99.0 0
1744624333007 1.0 0
1744624335072 79.0 0
1744624337087 20.0 0
1744624339180 96.0 0
1744624341200 88.0 0
1744624343219 99.0 0
1744624345270 50.0 0
1744624347281 69.0 0
1744624349296 51.0 0
1744624351308 66.0 0
1744624353349 3.0 0
1744624355371 9.0 0
1744624357390 64.0 0
1744624359400 67.0 0
1744624361412 15.0 0
1744624363427 62.0 0
1744624365458 24.0 0
1744624367671 76.0 0
1744624369773 67.0 0
1744624371789 93.0 0
1744624373804 10.0 0
1744624375813 38.0 0
1744624377824 51.0 0
1744624379832 69.0 0
1744624381842 78.0 0
1744624383852 80.0 0
1744624385860 95.0 0
1744624387871 92.0 0
1744624389878 70.0 0
1744624391888 87.0 0
1744624393899 6.0 0
1744624395907 2.0 0
1744624397915 18.0 0
1744624399927 72.0 0
1744624401936 84.0 0
1744624403945 67.0 0
1744624405955 94.0 0
1744624407961 73.0 0
1744624409967 55.0 0
1744624412018 21.0 0
1744624414027 48.0 0
1744624416035 42.0 0
1744624418043 99.0 0
1744624420056 41.0 0
1744624422067 52.0 0
1744624424075 30.0 0
1744624426253 48.0 0
1744624428333 23.0 0
1744624430341 34.0 0
1744624432354 91.0 0
1744624434365 18.0 0
1744624436370 70.0 0
1744624438376 5.0 0
1744624440383 68.0 0
1744624442396 50.0 0
1744624444407 19.0 0
1744624446417 46.0 0
1744624448425 9.0 0
1744624450433 68.0 0
1744624452442 16.0 0
1744624454452 46.0 0
1744624456459 92.0 0
1744624458466 36.0 0
1744624460475 59.0 0
1744624462508 61.0 0
1744624464515 89.0 0
1744624466523 35.0 0
1744624468532 91.0 0
1744624470538 98.0 0
1744624472546 37.0 0
1744624474554 2.0 0
1744624476564 87.0 0
1744624478575 40.0 0
1744624480583 76.0 0
1744624482593 39.0 0
1744624484603 32.0 0
1744624486613 88.0 0
1744624488623 42.0 0
1744624490643 10.0 0
1744624492652 6.0 0
1744624494660 80.0 0
1744624496669 66.0 0
1744624498678 70.0 0
1744624500688 63.0 0
1744624502698 24.0 0
1744624504707 23.0 0
1744624506714 25.0 0
1744624508723 39.0 0
1744624510731 23.0 0
1744624512738 100.0 0
1744624514748 37.0 0
1744624516756 7.0 0
1744624518767 69.0 0
1744624520779 0.0 0
1744624522821 40.0 0
1744624524834 24.0 0
1744624526848 48.0 0
1744624528867 89.0 0
1744624530890 54.0 0
1744624532904 21.0 0
1744624534921 65.0 0
1744624536937 17.0 0
1744624538948 59.0 0
1744624540955 68.0 0
1744624542967 51.0 0
1744624544977 3.0 0
1744624546985 16.0 0
1744624548992 43.0 0
1744624551025 97.0 0
1744624553054 74.0 0
1744624555066 27.0 0
1744624557076 51.0 0
1744624559091 23.0 0
1744624561101 46.0 0
1744624563110 44.0 0
1744624565119 9.0 0
1744624567128 91.0 0
1744624569137 30.0 0
1744624571147 91.0 0
1744624573158 54.0 0
1744624575168 83.0 0
1744624577181 35.0 0
1744624579195 17.0 0
1744624581203 51.0 0
1744624583212 73.0 0
1744624585221 62.0 0
1744624587229 51.0 0
1744624589241 12.0 0
1744624591252 80.0 0
1744624593263 85.0 0
1744624595275 94.0 0
1744624597286 2.0 0
1744624599298 44.0 0
1744624601313 81.0 0
1744624603322 100.0 0
1744624605334 15.0 0
1744624607343 68.0 0
1744624609350 40.0 0
