1745857691599 0.005992889404296875 0
1745857693623 2.0289125442504883 0
1745857695653 4.0585854053497314 0
1745857697690 6.095290422439575 0
1745857699719 8.125008821487427 0
1745857701738 10.144088506698608 0
1745857703762 12.167200326919556 0
1745857705794 14.19702935218811 0
1745857707829 16.23104739189148 0
1745857709857 18.262207508087158 0
1745857711881 20.286795139312744 0
1745857713906 22.3123779296875 0
1745857715937 24.342782020568848 0
1745857718022 26.415915489196777 0
1745857720099 28.50487184524536 0
1745857722124 30.52979850769043 0
1745857724151 32.55608344078064 0
1745857726172 34.57763600349426 0
1745857728187 36.59386420249939 0
1745857730223 38.62884473800659 0
1745857732304 40.707276344299316 0
1745857734390 42.795544385910034 0
1745857736411 44.81478261947632 0
1745857738449 46.8545081615448 0
1745857740475 48.880141735076904 0
1745857742531 50.93809485435486 0
1745857744568 52.96392583847046 0
1745857746638 55.043498039245605 0
1745857748722 57.09433436393738 0
1745857750763 59.166924715042114 0
1745857752789 61.194796323776245 0
1745857754820 63.224172830581665 0
1745857756850 65.25376343727112 0
1745857758886 67.29108619689941 0
1745857760914 69.32015824317932 0
1745857762938 71.34317564964294 0
1745857764957 73.36256647109985 0
1745857766981 75.38496732711792 0
1745857769006 77.41123580932617 0
1745857771036 79.44100499153137 0
