1745857691596 7.0 0
1745857693618 35.0 0
1745857695645 92.0 0
1745857697683 96.0 0
1745857699712 17.0 0
1745857701732 33.0 0
1745857703754 52.0 0
1745857705784 10.0 0
1745857707816 44.0 0
1745857709849 69.0 0
1745857711872 71.0 0
1745857713900 67.0 0
1745857715921 78.0 0
1745857717989 16.0 0
1745857720090 59.0 0
1745857722115 11.0 0
1745857724142 59.0 0
1745857726166 37.0 0
1745857728182 39.0 0
1745857730205 92.0 0
1745857732294 14.0 0
1745857734335 74.0 0
1745857736402 97.0 0
1745857738442 26.0 0
1745857740468 54.0 0
1745857742523 7.0 0
1745857744551 37.0 0
1745857746630 95.0 0
1745857748665 98.0 0
1745857750754 38.0 0
1745857752781 77.0 0
1745857754811 64.0 0
1745857756838 16.0 0
1745857758879 74.0 0
1745857760906 4.0 0
1745857762932 43.0 0
1745857764949 100.0 0
1745857766970 49.0 0
1745857768998 57.0 0
1745857771022 54.0 0
